0.000000000000000000e+00 0.000000000000000000e+00
2.101399768287487077e-02 1.103929622127686194e-04
4.202799536574974154e-02 4.415231024265664495e-04
6.304199304862460884e-02 9.932442028932619849e-04
8.405599073149948308e-02 1.765312639106342285e-03
1.050699884143743573e-01 2.757387487379137081e-03
1.260839860972492177e-01 3.969030675386620022e-03
1.470979837801240919e-01 5.399707175606116571e-03
1.681119814629989662e-01 7.048785241570321158e-03
1.891259791458738404e-01 8.915536686828762214e-03
2.101399768287487146e-01 1.099913720649436932e-02
2.311539745116235889e-01 1.329866674123342252e-02
2.521679721944984354e-01 1.581310988353784586e-02
2.731819698773733096e-01 1.854135632610032225e-02
2.941959675602481838e-01 2.148220135209527593e-02
3.152099652431230581e-01 2.463434636714723069e-02
3.362239629259979323e-01 2.799639947275411878e-02
3.572379606088728066e-01 3.156687608091018893e-02
3.782519582917476808e-01 3.534419956965817455e-02
3.992659559746225550e-01 3.932670197928156419e-02
4.202799536574974293e-01 4.351262474882827691e-02
4.412939513403723035e-01 4.790011949264172397e-02
4.623079490232471778e-01 5.248724881655614238e-02
4.833219467061220520e-01 5.727198717339504475e-02
5.043359443889968707e-01 6.225222175739597574e-02
5.253499420718718005e-01 6.742575343716583625e-02
5.463639397547466192e-01 7.279029772675571497e-02
5.673779374376215490e-01 7.834348579442557137e-02
5.883919351204963677e-01 8.408286550865318176e-02
6.094059328033712974e-01 9.000590252092699473e-02
6.304199304862461162e-01 9.610998138484261322e-02
6.514339281691210459e-01 1.023924067110105751e-01
6.724479258519958647e-01 1.088504043572643964e-01
6.934619235348706834e-01 1.154811226536434088e-01
7.144759212177456131e-01 1.222816336616104338e-01
7.354899189006204319e-01 1.292489344669464635e-01
7.565039165834953616e-01 1.363799485057534122e-01
7.775179142663701803e-01 1.436715269229779102e-01
7.985319119492451101e-01 1.511204499628573950e-01
8.195459096321199288e-01 1.587234283906729382e-01
8.405599073149948586e-01 1.664771049451836404e-01
8.615739049978696773e-01 1.743780558210977771e-01
8.825879026807446071e-01 1.824227921809295494e-01
9.036019003636194258e-01 1.906077616955708098e-01
9.246158980464943555e-01 1.989293501129003605e-01
9.456298957293691743e-01 2.073838828537352685e-01
9.666438934122441040e-01 2.159676266344221496e-01
9.876578910951189227e-01 2.246767911153494945e-01
1.008671888777993741e+00 2.335075305746556751e-01
1.029685886460868671e+00 2.424559456063908880e-01
1.050699884143743601e+00 2.515180848423852478e-01
1.071713881826618309e+00 2.606899466970617474e-01
1.092727879509493238e+00 2.699674811344239256e-01
1.113741877192368168e+00 2.793465914564374764e-01
1.134755874875243098e+00 2.888231361120168206e-01
1.155769872558117806e+00 2.983929305258176123e-01
1.176783870240992735e+00 3.080517489460277147e-01
1.197797867923867665e+00 3.177953263103393544e-01
1.218811865606742595e+00 3.276193601292815005e-01
1.239825863289617303e+00 3.375195123860773583e-01
1.260839860972492232e+00 3.474914114521912012e-01
1.281853858655367162e+00 3.575306540177157766e-01
1.302867856338242092e+00 3.676328070357502975e-01
1.323881854021116800e+00 3.777934096799092090e-01
1.344895851703991729e+00 3.880079753140976417e-01
1.365909849386866659e+00 3.982719934736831391e-01
1.386923847069741367e+00 4.085809318571903548e-01
1.407937844752616297e+00 4.189302383276376496e-01
1.428951842435491226e+00 4.293153429226325701e-01
1.449965840118366156e+00 4.397316598723385317e-01
1.470979837801240864e+00 4.501745896244217504e-01
1.491993835484115793e+00 4.606395208750843628e-01
1.513007833166990723e+00 4.711218326052858396e-01
1.534021830849865653e+00 4.816168961212551891e-01
1.555035828532740361e+00 4.921200770983918393e-01
1.576049826215615290e+00 5.026267376276529752e-01
1.597063823898490220e+00 5.131322382635234991e-01
1.618077821581365150e+00 5.236319400726644480e-01
1.639091819264239858e+00 5.341212066823354254e-01
1.660105816947114787e+00 5.445954063276868817e-01
1.681119814629989717e+00 5.550499138970158564e-01
1.702133812312864425e+00 5.654801129740860688e-01
1.723147809995739355e+00 5.758813978766075259e-01
1.744161807678614284e+00 5.862491756899752549e-01
1.765175805361489214e+00 5.965788682953716560e-01
1.786189803044363922e+00 6.068659143913348597e-01
1.807203800727238852e+00 6.171057715079011352e-01
1.828217798410113781e+00 6.272939180124316172e-01
1.849231796092988711e+00 6.374258551062378375e-01
1.870245793775863419e+00 6.474971088111247663e-01
1.891259791458738349e+00 6.575032319449739537e-01
1.912273789141613278e+00 6.674398060854931369e-01
1.933287786824488208e+00 6.773024435212678940e-01
1.954301784507362916e+00 6.870867891892510348e-01
1.975315782190237845e+00 6.967885225978364128e-01
1.996329779873112775e+00 7.064033597346656146e-01
2.017343777555987483e+00 7.159270549583276466e-01
2.038357775238862413e+00 7.253554028731148406e-01
2.059371772921737342e+00 7.346842401860068650e-01
2.080385770604612272e+00 7.439094475450636068e-01
2.101399768287487202e+00 7.530269513584157970e-01
2.122413765970362132e+00 7.620327255930474664e-01
2.143427763653236617e+00 7.709227935525794217e-01
2.164441761336111547e+00 7.796932296332665935e-01
2.185455759018986477e+00 7.883401610574335416e-01
2.206469756701861407e+00 7.968597695835843986e-01
2.227483754384736336e+00 8.052482931924307419e-01
2.248497752067611266e+00 8.135020277480933260e-01
2.269511749750486196e+00 8.216173286337449255e-01
2.290525747433361126e+00 8.295906123609689820e-01
2.311539745116235611e+00 8.374183581521288389e-01
2.332553742799110541e+00 8.450971094950432416e-01
2.353567740481985471e+00 8.526234756692848693e-01
2.374581738164860401e+00 8.599941332434268837e-01
2.395595735847735330e+00 8.672058275425771345e-01
2.416609733530610260e+00 8.742553740855505406e-01
2.437623731213485190e+00 8.811396599910465977e-01
2.458637728896359675e+00 8.878556453522098435e-01
2.479651726579234605e+00 8.944003645789677659e-01
2.500665724262109535e+00 9.007709277075509613e-01
2.521679721944984465e+00 9.069645216766206719e-01
2.542693719627859394e+00 9.129784115694368207e-01
2.563707717310734324e+00 9.188099418215207592e-01
2.584721714993609254e+00 9.244565373932773777e-01
2.605735712676484184e+00 9.299157049070603254e-01
2.626749710359358669e+00 9.351850337481772968e-01
2.647763708042233599e+00 9.402621971293498859e-01
2.668777705725108529e+00 9.451449531181570496e-01
2.689791703407983459e+00 9.498311456270089881e-01
2.710805701090858388e+00 9.543187053652155694e-01
2.731819698773733318e+00 9.586056507527265236e-01
2.752833696456608248e+00 9.626900887951410635e-01
2.773847694139482734e+00 9.665702159196012389e-01
2.794861691822357663e+00 9.702443187711990991e-01
2.815875689505232593e+00 9.737107749695455006e-01
2.836889687188107523e+00 9.769680538251679369e-01
2.857903684870982453e+00 9.800147170154198673e-01
2.878917682553857382e+00 9.828494192196036705e-01
2.899931680236732312e+00 9.854709087130260059e-01
2.920945677919607242e+00 9.878780279197245662e-01
2.941959675602481727e+00 9.900697139236208644e-01
2.962973673285356657e+00 9.920449989378740119e-01
2.983987670968231587e+00 9.938030107322283202e-01
3.005001668651106517e+00 9.953429730181653223e-01
3.026015666333981446e+00 9.966642057916914599e-01
3.047029664016856376e+00 9.977661256336080031e-01
3.068043661699731306e+00 9.986482459671330858e-01
3.089057659382605792e+00 9.993101772727601695e-01
3.110071657065480721e+00 9.997516272602589016e-01
3.131085654748355651e+00 9.999724009977418726e-01
3.152099652431230581e+00 9.999724009977418726e-01
3.173113650114105511e+00 9.997516272602589016e-01
3.194127647796980440e+00 9.993101772727601695e-01
3.215141645479855370e+00 9.986482459671330858e-01
3.236155643162730300e+00 9.977661256336080031e-01
3.257169640845604786e+00 9.966642057916914599e-01
3.278183638528479715e+00 9.953429730181653223e-01
3.299197636211354645e+00 9.938030107322283202e-01
3.320211633894229575e+00 9.920449989378740119e-01
3.341225631577104505e+00 9.900697139236208644e-01
3.362239629259979434e+00 9.878780279197245662e-01
3.383253626942854364e+00 9.854709087130260059e-01
3.404267624625728850e+00 9.828494192196036705e-01
3.425281622308603779e+00 9.800147170154198673e-01
3.446295619991478709e+00 9.769680538251679369e-01
3.467309617674353639e+00 9.737107749695455006e-01
3.488323615357228569e+00 9.702443187711990991e-01
3.509337613040103498e+00 9.665702159196012389e-01
3.530351610722978428e+00 9.626900887951410635e-01
3.551365608405853358e+00 9.586056507527265236e-01
3.572379606088727844e+00 9.543187053652155694e-01
3.593393603771602773e+00 9.498311456270089881e-01
3.614407601454477703e+00 9.451449531181570496e-01
3.635421599137352633e+00 9.402621971293499969e-01
3.656435596820227563e+00 9.351850337481772968e-01
3.677449594503102492e+00 9.299157049070603254e-01
3.698463592185977422e+00 9.244565373932773777e-01
3.719477589868851908e+00 9.188099418215207592e-01
3.740491587551726838e+00 9.129784115694368207e-01
3.761505585234601767e+00 9.069645216766206719e-01
3.782519582917476697e+00 9.007709277075510723e-01
3.803533580600351627e+00 8.944003645789677659e-01
3.824547578283226557e+00 8.878556453522099545e-01
3.845561575966101486e+00 8.811396599910465977e-01
3.866575573648976416e+00 8.742553740855505406e-01
3.887589571331850902e+00 8.672058275425772456e-01
3.908603569014725831e+00 8.599941332434269947e-01
3.929617566697600761e+00 8.526234756692849803e-01
3.950631564380475691e+00 8.450971094950432416e-01
3.971645562063350621e+00 8.374183581521288389e-01
3.992659559746225550e+00 8.295906123609688709e-01
4.013673557429100036e+00 8.216173286337449255e-01
4.034687555111974966e+00 8.135020277480934370e-01
4.055701552794849896e+00 8.052482931924307419e-01
4.076715550477724825e+00 7.968597695835843986e-01
4.097729548160599755e+00 7.883401610574336527e-01
4.118743545843474685e+00 7.796932296332665935e-01
4.139757543526349615e+00 7.709227935525795328e-01
4.160771541209224544e+00 7.620327255930473553e-01
4.181785538892099474e+00 7.530269513584156860e-01
4.202799536574974404e+00 7.439094475450634958e-01
4.223813534257849334e+00 7.346842401860067540e-01
4.244827531940724263e+00 7.253554028731147296e-01
4.265841529623599193e+00 7.159270549583275356e-01
4.286855527306473235e+00 7.064033597346657256e-01
4.307869524989348164e+00 6.967885225978365238e-01
4.328883522672223094e+00 6.870867891892511459e-01
4.349897520355098024e+00 6.773024435212678940e-01
4.370911518037972954e+00 6.674398060854931369e-01
4.391925515720847883e+00 6.575032319449739537e-01
4.412939513403722813e+00 6.474971088111248774e-01
4.433953511086597743e+00 6.374258551062378375e-01
4.454967508769472673e+00 6.272939180124315062e-01
4.475981506452347602e+00 6.171057715079011352e-01
4.496995504135222532e+00 6.068659143913347487e-01
4.518009501818097462e+00 5.965788682953715449e-01
4.539023499500972392e+00 5.862491756899751438e-01
4.560037497183847321e+00 5.758813978766074149e-01
4.581051494866722251e+00 5.654801129740859578e-01
4.602065492549596293e+00 5.550499138970159674e-01
4.623079490232471223e+00 5.445954063276869928e-01
4.644093487915346152e+00 5.341212066823356475e-01
4.665107485598221082e+00 5.236319400726645590e-01
4.686121483281096012e+00 5.131322382635236101e-01
4.707135480963970942e+00 5.026267376276530863e-01
4.728149478646845871e+00 4.921200770983918948e-01
4.749163476329720801e+00 4.816168961212551336e-01
4.770177474012595731e+00 4.711218326052857841e-01
4.791191471695470661e+00 4.606395208750843073e-01
4.812205469378345590e+00 4.501745896244216949e-01
4.833219467061220520e+00 4.397316598723383652e-01
4.854233464744095450e+00 4.293153429226324036e-01
4.875247462426970380e+00 4.189302383276374830e-01
4.896261460109845309e+00 4.085809318571901327e-01
4.917275457792719351e+00 3.982719934736833056e-01
4.938289455475594281e+00 3.880079753140978083e-01
4.959303453158469210e+00 3.777934096799093755e-01
4.980317450841344140e+00 3.676328070357504085e-01
5.001331448524219070e+00 3.575306540177158321e-01
5.022345446207094000e+00 3.474914114521913122e-01
5.043359443889968929e+00 3.375195123860774693e-01
5.064373441572843859e+00 3.276193601292815005e-01
5.085387439255718789e+00 3.177953263103393544e-01
5.106401436938593719e+00 3.080517489460276592e-01
5.127415434621468648e+00 2.983929305258176123e-01
5.148429432304343578e+00 2.888231361120166540e-01
5.169443429987218508e+00 2.793465914564373098e-01
5.190457427670093438e+00 2.699674811344238146e-01
5.211471425352968367e+00 2.606899466970615808e-01
5.232485423035842409e+00 2.515180848423854698e-01
5.253499420718717339e+00 2.424559456063910545e-01
5.274513418401592268e+00 2.335075305746558416e-01
5.295527416084467198e+00 2.246767911153496056e-01
5.316541413767342128e+00 2.159676266344222051e-01
5.337555411450217058e+00 2.073838828537353240e-01
5.358569409133091987e+00 1.989293501129003605e-01
5.379583406815966917e+00 1.906077616955708098e-01
5.400597404498841847e+00 1.824227921809294939e-01
5.421611402181716777e+00 1.743780558210977771e-01
5.442625399864591706e+00 1.664771049451835849e-01
5.463639397547466636e+00 1.587234283906728827e-01
5.484653395230341566e+00 1.511204499628572284e-01
5.505667392913216496e+00 1.436715269229777991e-01
5.526681390596091425e+00 1.363799485057532457e-01
5.547695388278965467e+00 1.292489344669466300e-01
5.568709385961840397e+00 1.222816336616105448e-01
5.589723383644715327e+00 1.154811226536435198e-01
5.610737381327590256e+00 1.088504043572644520e-01
5.631751379010465186e+00 1.023924067110106306e-01
5.652765376693340116e+00 9.610998138484266873e-02
5.673779374376215046e+00 9.000590252092699473e-02
5.694793372059089975e+00 8.408286550865318176e-02
5.715807369741964905e+00 7.834348579442551586e-02
5.736821367424839835e+00 7.279029772675571497e-02
5.757835365107714765e+00 6.742575343716572522e-02
5.778849362790589694e+00 6.225222175739586472e-02
5.799863360473464624e+00 5.727198717339498923e-02
5.820877358156339554e+00 5.248724881655608687e-02
5.841891355839214484e+00 4.790011949264166846e-02
5.862905353522088525e+00 4.351262474882833242e-02
5.883919351204963455e+00 3.932670197928161970e-02
5.904933348887838385e+00 3.534419956965823006e-02
5.925947346570713314e+00 3.156687608091018893e-02
5.946961344253588244e+00 2.799639947275417429e-02
5.967975341936463174e+00 2.463434636714723069e-02
5.988989339619338104e+00 2.148220135209527593e-02
6.010003337302213033e+00 1.854135632610037776e-02
6.031017334985087963e+00 1.581310988353784586e-02
6.052031332667962893e+00 1.329866674123342252e-02
6.073045330350837823e+00 1.099913720649431381e-02
6.094059328033712752e+00 8.915536686828706703e-03
6.115073325716587682e+00 7.048785241570265647e-03
6.136087323399462612e+00 5.399707175606061060e-03
6.157101321082337542e+00 3.969030675386620022e-03
6.178115318765211583e+00 2.757387487379192592e-03
6.199129316448086513e+00 1.765312639106397796e-03
6.220143314130961443e+00 9.932442028932619849e-04
6.241157311813836372e+00 4.415231024265664495e-04
6.262171309496711302e+00 1.103929622127686194e-04
6.283185307179586232e+00 0.000000000000000000e+00
